UBER DIE ΑΒ111111119119911.

1119111111. 1111111111 1191111111,11111111111199991111111,4.4,
19, 4. Increp rnrel
In 1111111111111111118111111111111 Incurrere 1111111. 11, 17, 6.
1,11,13.' Inde den 1111111111 111111, 11, 8,
- 1118111111111119111111111111111. 43, 1.
1, 42, 2· 45, 4 11111111111111111110111111 I, 3,9.
111 Bezerchnung der Vertherlung im 1111111111 111199111111111111
11, 23, 6. 311111 1, 192, 11, 60, 17.
- eciem procedere 111. 1, 43, 18. -1.111111111111110111111111. 1,,34
- 1111111111111.1111511111,25,6 13 41, 2, 11, 60, 25
-· diem 11111111 dies 11, 39,13. 1111111111 1119111 11, 39, 2.
α1οιι911111111111111131,8,11.111111111111111111111111.111 11. lccnm
- 111111911111.11111.111111111111 11, 11, 3. ·
1,32,7.1111111111.111111111111111,39,2
- 1111111111 1111911111, 46, 9. 11111191111111, 44, 4.
-· medum 1111111111, 30, 8.11111911111111,25,9.
··- ornem 9119111111, 56, 2. Inferre sel, 55, 9.
— 1111111111“111,191911111111,47,4.1191111191111111,1111111111,7,4.
-91111111111951199191111 dd pronr'ncinm menne 119111111111111111139,11138.Ι d
verw n 11111111 11111 c wec en
*1111111111,3,2.1,,386.
-191111, 45, 4 - Act. ohne Sub 1111111111111
-ῑ-11111111111,27,4 38, 6.
-11191111,3,14;11111 12,.-112-1 111111. 11 demselben Regi-
·- mit 11111111.11161111111111111 11111133, 2.
11,54,11.-Ρ11[. 1. 81111111. 111111. 11, 59,
- *191119111139810

.. -111111111,9111111111.,-1 1111161111(1111111111,19,99Ι ι

- 1111 1191911111,59,9 - 1111111111111111, 63, 2.
- 191 11119, 4, 3. - 1111111.1111111111111111111, 476
-111111,1111,1,2. —- - nach 11111]111111111111,58, 10.
··· 11111111 11, 12, 6. — -11111111111111 54, 9.
·-parte 1111111111 11111,5,3. 119111111191111111, 44, 1
9111111111111111, 3,3. 1191111111. 1111111111 verbunden 11,
-11111911,,1111151. 29,.9
-1111111119111111,35,79191.61,1111111111 1111111111,39,13.
14. 11111111111, 20, 5.
-1111911111,25,15.11ο91111. opem zusammengcetcllt 1
··· 111111.11111111111.1,41,4.58,10.
:5551532‘55‘1'6 135 dm? 1331916310 ’⁸
- - 111 cic 11,1, 12. - 51111119 11, l4,43 1,18, 4.
-1.111111111’11111. - 111111, 18, 4. ’
1111111191327 Insnnn'reu. fnrerc 11, 39, 6.
Incendium 11 Bezug 1111 1131111311 1111111111 1111111111, 47, 6.
1135, 3. -1111111, 11,51,5.
1111111111 1111111111 1, 31, 12. 1111111 1111111. 11, 49, 7.
1111111191111111111111Λ11111,2681119111111Β111. 1,6, 3.
111111111111111.1,10,10.1111111111, 25, 19.

1111111111 1111111111, 587. ’ 1111111111 und 1111111111 111111,
Incedere absol. 131, 5. 27, 9.

-· 1111111111 11, 20, 10. 1111111111 11, 45, 6.

 

